function mats = LoadMats7()
  mats(:,:,1) = [1 6 0 0 0 0 0; 1 -1 5 0 0 0 0; 1 -1 -1 4 0 0 0; 1 -1 -1 -1 3 0 0; 1 -1 -1 -1 -1 2 0; 1 -1 -1 -1 -1 -1 1; 1 -1 -1 -1 -1 -1 -1];
  mats(:,:,2) = [1 6 0 0 0 0 0; 1 -1 5 0 0 0 0; 1 -1 -1 4 0 0 0; 1 -1 -1 -1 3 0 0; 1 -1 -1 -1 -1 1 1; 1 -1 -1 -1 -1 1 -1; 1 -1 -1 -1 -1 -2 0];
  mats(:,:,3) = [1 6 0 0 0 0 0; 1 -1 5 0 0 0 0; 1 -1 -1 4 0 0 0; 1 -1 -1 -1 2 1 0; 1 -1 -1 -1 2 -1 0; 1 -1 -1 -1 -2 0 1; 1 -1 -1 -1 -2 0 -1];
  mats(:,:,4) = [1 6 0 0 0 0 0; 1 -1 5 0 0 0 0; 1 -1 -1 4 0 0 0; 1 -1 -1 -1 1 2 0; 1 -1 -1 -1 1 -1 1; 1 -1 -1 -1 1 -1 -1; 1 -1 -1 -1 -3 0 0];
  mats(:,:,5) = [1 6 0 0 0 0 0; 1 -1 5 0 0 0 0; 1 -1 -1 4 0 0 0; 1 -1 -1 -1 1 1 1; 1 -1 -1 -1 1 1 -1; 1 -1 -1 -1 1 -2 0; 1 -1 -1 -1 -3 0 0];
  mats(:,:,6) = [1 6 0 0 0 0 0; 1 -1 5 0 0 0 0; 1 -1 -1 3 1 0 0; 1 -1 -1 3 -1 0 0; 1 -1 -1 -2 0 2 0; 1 -1 -1 -2 0 -1 1; 1 -1 -1 -2 0 -1 -1];
  mats(:,:,7) = [1 6 0 0 0 0 0; 1 -1 5 0 0 0 0; 1 -1 -1 3 1 0 0; 1 -1 -1 3 -1 0 0; 1 -1 -1 -2 0 1 1; 1 -1 -1 -2 0 1 -1; 1 -1 -1 -2 0 -2 0];
  mats(:,:,8) = [1 6 0 0 0 0 0; 1 -1 5 0 0 0 0; 1 -1 -1 2 2 0 0; 1 -1 -1 2 -1 1 0; 1 -1 -1 2 -1 -1 0; 1 -1 -1 -3 0 0 1; 1 -1 -1 -3 0 0 -1];
  mats(:,:,9) = [1 6 0 0 0 0 0; 1 -1 5 0 0 0 0; 1 -1 -1 2 1 1 0; 1 -1 -1 2 1 -1 0; 1 -1 -1 2 -2 0 0; 1 -1 -1 -3 0 0 1; 1 -1 -1 -3 0 0 -1];
  mats(:,:,10) = [1 6 0 0 0 0 0; 1 -1 5 0 0 0 0; 1 -1 -1 1 3 0 0; 1 -1 -1 1 -1 2 0; 1 -1 -1 1 -1 -1 1; 1 -1 -1 1 -1 -1 -1; 1 -1 -1 -4 0 0 0];
  mats(:,:,11) = [1 6 0 0 0 0 0; 1 -1 5 0 0 0 0; 1 -1 -1 1 3 0 0; 1 -1 -1 1 -1 1 1; 1 -1 -1 1 -1 1 -1; 1 -1 -1 1 -1 -2 0; 1 -1 -1 -4 0 0 0];
  mats(:,:,12) = [1 6 0 0 0 0 0; 1 -1 5 0 0 0 0; 1 -1 -1 1 2 1 0; 1 -1 -1 1 2 -1 0; 1 -1 -1 1 -2 0 1; 1 -1 -1 1 -2 0 -1; 1 -1 -1 -4 0 0 0];
  mats(:,:,13) = [1 6 0 0 0 0 0; 1 -1 5 0 0 0 0; 1 -1 -1 1 1 2 0; 1 -1 -1 1 1 -1 1; 1 -1 -1 1 1 -1 -1; 1 -1 -1 1 -3 0 0; 1 -1 -1 -4 0 0 0];
  mats(:,:,14) = [1 6 0 0 0 0 0; 1 -1 5 0 0 0 0; 1 -1 -1 1 1 1 1; 1 -1 -1 1 1 1 -1; 1 -1 -1 1 1 -2 0; 1 -1 -1 1 -3 0 0; 1 -1 -1 -4 0 0 0];
  mats(:,:,15) = [1 6 0 0 0 0 0; 1 -1 4 1 0 0 0; 1 -1 4 -1 0 0 0; 1 -1 -2 0 3 0 0; 1 -1 -2 0 -1 2 0; 1 -1 -2 0 -1 -1 1; 1 -1 -2 0 -1 -1 -1];
  mats(:,:,16) = [1 6 0 0 0 0 0; 1 -1 4 1 0 0 0; 1 -1 4 -1 0 0 0; 1 -1 -2 0 3 0 0; 1 -1 -2 0 -1 1 1; 1 -1 -2 0 -1 1 -1; 1 -1 -2 0 -1 -2 0];
  mats(:,:,17) = [1 6 0 0 0 0 0; 1 -1 4 1 0 0 0; 1 -1 4 -1 0 0 0; 1 -1 -2 0 2 1 0; 1 -1 -2 0 2 -1 0; 1 -1 -2 0 -2 0 1; 1 -1 -2 0 -2 0 -1];
  mats(:,:,18) = [1 6 0 0 0 0 0; 1 -1 4 1 0 0 0; 1 -1 4 -1 0 0 0; 1 -1 -2 0 1 2 0; 1 -1 -2 0 1 -1 1; 1 -1 -2 0 1 -1 -1; 1 -1 -2 0 -3 0 0];
  mats(:,:,19) = [1 6 0 0 0 0 0; 1 -1 4 1 0 0 0; 1 -1 4 -1 0 0 0; 1 -1 -2 0 1 1 1; 1 -1 -2 0 1 1 -1; 1 -1 -2 0 1 -2 0; 1 -1 -2 0 -3 0 0];
  mats(:,:,20) = [1 6 0 0 0 0 0; 1 -1 3 2 0 0 0; 1 -1 3 -1 1 0 0; 1 -1 3 -1 -1 0 0; 1 -1 -3 0 0 2 0; 1 -1 -3 0 0 -1 1; 1 -1 -3 0 0 -1 -1];
  mats(:,:,21) = [1 6 0 0 0 0 0; 1 -1 3 2 0 0 0; 1 -1 3 -1 1 0 0; 1 -1 3 -1 -1 0 0; 1 -1 -3 0 0 1 1; 1 -1 -3 0 0 1 -1; 1 -1 -3 0 0 -2 0];
  mats(:,:,22) = [1 6 0 0 0 0 0; 1 -1 3 1 1 0 0; 1 -1 3 1 -1 0 0; 1 -1 3 -2 0 0 0; 1 -1 -3 0 0 2 0; 1 -1 -3 0 0 -1 1; 1 -1 -3 0 0 -1 -1];
  mats(:,:,23) = [1 6 0 0 0 0 0; 1 -1 3 1 1 0 0; 1 -1 3 1 -1 0 0; 1 -1 3 -2 0 0 0; 1 -1 -3 0 0 1 1; 1 -1 -3 0 0 1 -1; 1 -1 -3 0 0 -2 0];
  mats(:,:,24) = [1 6 0 0 0 0 0; 1 -1 2 3 0 0 0; 1 -1 2 -1 2 0 0; 1 -1 2 -1 -1 1 0; 1 -1 2 -1 -1 -1 0; 1 -1 -4 0 0 0 1; 1 -1 -4 0 0 0 -1];
  mats(:,:,25) = [1 6 0 0 0 0 0; 1 -1 2 3 0 0 0; 1 -1 2 -1 1 1 0; 1 -1 2 -1 1 -1 0; 1 -1 2 -1 -2 0 0; 1 -1 -4 0 0 0 1; 1 -1 -4 0 0 0 -1];
  mats(:,:,26) = [1 6 0 0 0 0 0; 1 -1 2 2 1 0 0; 1 -1 2 2 -1 0 0; 1 -1 2 -2 0 1 0; 1 -1 2 -2 0 -1 0; 1 -1 -4 0 0 0 1; 1 -1 -4 0 0 0 -1];
  mats(:,:,27) = [1 6 0 0 0 0 0; 1 -1 2 1 2 0 0; 1 -1 2 1 -1 1 0; 1 -1 2 1 -1 -1 0; 1 -1 2 -3 0 0 0; 1 -1 -4 0 0 0 1; 1 -1 -4 0 0 0 -1];
  mats(:,:,28) = [1 6 0 0 0 0 0; 1 -1 2 1 1 1 0; 1 -1 2 1 1 -1 0; 1 -1 2 1 -2 0 0; 1 -1 2 -3 0 0 0; 1 -1 -4 0 0 0 1; 1 -1 -4 0 0 0 -1];
  mats(:,:,29) = [1 6 0 0 0 0 0; 1 -1 1 4 0 0 0; 1 -1 1 -1 3 0 0; 1 -1 1 -1 -1 2 0; 1 -1 1 -1 -1 -1 1; 1 -1 1 -1 -1 -1 -1; 1 -1 -5 0 0 0 0];
  mats(:,:,30) = [1 6 0 0 0 0 0; 1 -1 1 4 0 0 0; 1 -1 1 -1 3 0 0; 1 -1 1 -1 -1 1 1; 1 -1 1 -1 -1 1 -1; 1 -1 1 -1 -1 -2 0; 1 -1 -5 0 0 0 0];
  mats(:,:,31) = [1 6 0 0 0 0 0; 1 -1 1 4 0 0 0; 1 -1 1 -1 2 1 0; 1 -1 1 -1 2 -1 0; 1 -1 1 -1 -2 0 1; 1 -1 1 -1 -2 0 -1; 1 -1 -5 0 0 0 0];
  mats(:,:,32) = [1 6 0 0 0 0 0; 1 -1 1 4 0 0 0; 1 -1 1 -1 1 2 0; 1 -1 1 -1 1 -1 1; 1 -1 1 -1 1 -1 -1; 1 -1 1 -1 -3 0 0; 1 -1 -5 0 0 0 0];
  mats(:,:,33) = [1 6 0 0 0 0 0; 1 -1 1 4 0 0 0; 1 -1 1 -1 1 1 1; 1 -1 1 -1 1 1 -1; 1 -1 1 -1 1 -2 0; 1 -1 1 -1 -3 0 0; 1 -1 -5 0 0 0 0];
  mats(:,:,34) = [1 6 0 0 0 0 0; 1 -1 1 3 1 0 0; 1 -1 1 3 -1 0 0; 1 -1 1 -2 0 2 0; 1 -1 1 -2 0 -1 1; 1 -1 1 -2 0 -1 -1; 1 -1 -5 0 0 0 0];
  mats(:,:,35) = [1 6 0 0 0 0 0; 1 -1 1 3 1 0 0; 1 -1 1 3 -1 0 0; 1 -1 1 -2 0 1 1; 1 -1 1 -2 0 1 -1; 1 -1 1 -2 0 -2 0; 1 -1 -5 0 0 0 0];
  mats(:,:,36) = [1 6 0 0 0 0 0; 1 -1 1 2 2 0 0; 1 -1 1 2 -1 1 0; 1 -1 1 2 -1 -1 0; 1 -1 1 -3 0 0 1; 1 -1 1 -3 0 0 -1; 1 -1 -5 0 0 0 0];
  mats(:,:,37) = [1 6 0 0 0 0 0; 1 -1 1 2 1 1 0; 1 -1 1 2 1 -1 0; 1 -1 1 2 -2 0 0; 1 -1 1 -3 0 0 1; 1 -1 1 -3 0 0 -1; 1 -1 -5 0 0 0 0];
  mats(:,:,38) = [1 6 0 0 0 0 0; 1 -1 1 1 3 0 0; 1 -1 1 1 -1 2 0; 1 -1 1 1 -1 -1 1; 1 -1 1 1 -1 -1 -1; 1 -1 1 -4 0 0 0; 1 -1 -5 0 0 0 0];
  mats(:,:,39) = [1 6 0 0 0 0 0; 1 -1 1 1 3 0 0; 1 -1 1 1 -1 1 1; 1 -1 1 1 -1 1 -1; 1 -1 1 1 -1 -2 0; 1 -1 1 -4 0 0 0; 1 -1 -5 0 0 0 0];
  mats(:,:,40) = [1 6 0 0 0 0 0; 1 -1 1 1 2 1 0; 1 -1 1 1 2 -1 0; 1 -1 1 1 -2 0 1; 1 -1 1 1 -2 0 -1; 1 -1 1 -4 0 0 0; 1 -1 -5 0 0 0 0];
  mats(:,:,41) = [1 6 0 0 0 0 0; 1 -1 1 1 1 2 0; 1 -1 1 1 1 -1 1; 1 -1 1 1 1 -1 -1; 1 -1 1 1 -3 0 0; 1 -1 1 -4 0 0 0; 1 -1 -5 0 0 0 0];
  mats(:,:,42) = [1 6 0 0 0 0 0; 1 -1 1 1 1 1 1; 1 -1 1 1 1 1 -1; 1 -1 1 1 1 -2 0; 1 -1 1 1 -3 0 0; 1 -1 1 -4 0 0 0; 1 -1 -5 0 0 0 0];
  mats(:,:,43) = [1 5 1 0 0 0 0; 1 5 -1 0 0 0 0; 1 -2 0 4 0 0 0; 1 -2 0 -1 3 0 0; 1 -2 0 -1 -1 2 0; 1 -2 0 -1 -1 -1 1; 1 -2 0 -1 -1 -1 -1];
  mats(:,:,44) = [1 5 1 0 0 0 0; 1 5 -1 0 0 0 0; 1 -2 0 4 0 0 0; 1 -2 0 -1 3 0 0; 1 -2 0 -1 -1 1 1; 1 -2 0 -1 -1 1 -1; 1 -2 0 -1 -1 -2 0];
  mats(:,:,45) = [1 5 1 0 0 0 0; 1 5 -1 0 0 0 0; 1 -2 0 4 0 0 0; 1 -2 0 -1 2 1 0; 1 -2 0 -1 2 -1 0; 1 -2 0 -1 -2 0 1; 1 -2 0 -1 -2 0 -1];
  mats(:,:,46) = [1 5 1 0 0 0 0; 1 5 -1 0 0 0 0; 1 -2 0 4 0 0 0; 1 -2 0 -1 1 2 0; 1 -2 0 -1 1 -1 1; 1 -2 0 -1 1 -1 -1; 1 -2 0 -1 -3 0 0];
  mats(:,:,47) = [1 5 1 0 0 0 0; 1 5 -1 0 0 0 0; 1 -2 0 4 0 0 0; 1 -2 0 -1 1 1 1; 1 -2 0 -1 1 1 -1; 1 -2 0 -1 1 -2 0; 1 -2 0 -1 -3 0 0];
  mats(:,:,48) = [1 5 1 0 0 0 0; 1 5 -1 0 0 0 0; 1 -2 0 3 1 0 0; 1 -2 0 3 -1 0 0; 1 -2 0 -2 0 2 0; 1 -2 0 -2 0 -1 1; 1 -2 0 -2 0 -1 -1];
  mats(:,:,49) = [1 5 1 0 0 0 0; 1 5 -1 0 0 0 0; 1 -2 0 3 1 0 0; 1 -2 0 3 -1 0 0; 1 -2 0 -2 0 1 1; 1 -2 0 -2 0 1 -1; 1 -2 0 -2 0 -2 0];
  mats(:,:,50) = [1 5 1 0 0 0 0; 1 5 -1 0 0 0 0; 1 -2 0 2 2 0 0; 1 -2 0 2 -1 1 0; 1 -2 0 2 -1 -1 0; 1 -2 0 -3 0 0 1; 1 -2 0 -3 0 0 -1];
  mats(:,:,51) = [1 5 1 0 0 0 0; 1 5 -1 0 0 0 0; 1 -2 0 2 1 1 0; 1 -2 0 2 1 -1 0; 1 -2 0 2 -2 0 0; 1 -2 0 -3 0 0 1; 1 -2 0 -3 0 0 -1];
  mats(:,:,52) = [1 5 1 0 0 0 0; 1 5 -1 0 0 0 0; 1 -2 0 1 3 0 0; 1 -2 0 1 -1 2 0; 1 -2 0 1 -1 -1 1; 1 -2 0 1 -1 -1 -1; 1 -2 0 -4 0 0 0];
  mats(:,:,53) = [1 5 1 0 0 0 0; 1 5 -1 0 0 0 0; 1 -2 0 1 3 0 0; 1 -2 0 1 -1 1 1; 1 -2 0 1 -1 1 -1; 1 -2 0 1 -1 -2 0; 1 -2 0 -4 0 0 0];
  mats(:,:,54) = [1 5 1 0 0 0 0; 1 5 -1 0 0 0 0; 1 -2 0 1 2 1 0; 1 -2 0 1 2 -1 0; 1 -2 0 1 -2 0 1; 1 -2 0 1 -2 0 -1; 1 -2 0 -4 0 0 0];
  mats(:,:,55) = [1 5 1 0 0 0 0; 1 5 -1 0 0 0 0; 1 -2 0 1 1 2 0; 1 -2 0 1 1 -1 1; 1 -2 0 1 1 -1 -1; 1 -2 0 1 -3 0 0; 1 -2 0 -4 0 0 0];
  mats(:,:,56) = [1 5 1 0 0 0 0; 1 5 -1 0 0 0 0; 1 -2 0 1 1 1 1; 1 -2 0 1 1 1 -1; 1 -2 0 1 1 -2 0; 1 -2 0 1 -3 0 0; 1 -2 0 -4 0 0 0];
  mats(:,:,57) = [1 4 2 0 0 0 0; 1 4 -1 1 0 0 0; 1 4 -1 -1 0 0 0; 1 -3 0 0 3 0 0; 1 -3 0 0 -1 2 0; 1 -3 0 0 -1 -1 1; 1 -3 0 0 -1 -1 -1];
