function mats = LoadMats5()
  mats(:,:,1) = [1 4 0 0 0; 1 -1 3 0 0; 1 -1 -1 2 0; 1 -1 -1 -1 1; 1 -1 -1 -1 -1];
  mats(:,:,2) = [1 4 0 0 0; 1 -1 3 0 0; 1 -1 -1 1 1; 1 -1 -1 1 -1; 1 -1 -1 -2 0];
  mats(:,:,3) = [1 4 0 0 0; 1 -1 2 1 0; 1 -1 2 -1 0; 1 -1 -2 0 1; 1 -1 -2 0 -1];
  mats(:,:,4) = [1 4 0 0 0; 1 -1 1 2 0; 1 -1 1 -1 1; 1 -1 1 -1 -1; 1 -1 -3 0 0];
  mats(:,:,5) = [1 4 0 0 0; 1 -1 1 1 1; 1 -1 1 1 -1; 1 -1 1 -2 0; 1 -1 -3 0 0];
  mats(:,:,6) = [1 3 1 0 0; 1 3 -1 0 0; 1 -2 0 2 0; 1 -2 0 -1 1; 1 -2 0 -1 -1];
  mats(:,:,7) = [1 3 1 0 0; 1 3 -1 0 0; 1 -2 0 1 1; 1 -2 0 1 -1; 1 -2 0 -2 0];
  mats(:,:,8) = [1 2 2 0 0; 1 2 -1 1 0; 1 2 -1 -1 0; 1 -3 0 0 1; 1 -3 0 0 -1];
  mats(:,:,9) = [1 2 1 1 0; 1 2 1 -1 0; 1 2 -2 0 0; 1 -3 0 0 1; 1 -3 0 0 -1];
  mats(:,:,10) = [1 1 3 0 0; 1 1 -1 2 0; 1 1 -1 -1 1; 1 1 -1 -1 -1; 1 -4 0 0 0];
  mats(:,:,11) = [1 1 3 0 0; 1 1 -1 1 1; 1 1 -1 1 -1; 1 1 -1 -2 0; 1 -4 0 0 0];
  mats(:,:,12) = [1 1 2 1 0; 1 1 2 -1 0; 1 1 -2 0 1; 1 1 -2 0 -1; 1 -4 0 0 0];
  mats(:,:,13) = [1 1 1 2 0; 1 1 1 -1 1; 1 1 1 -1 -1; 1 1 -3 0 0; 1 -4 0 0 0];
  mats(:,:,14) = [1 1 1 1 1; 1 1 1 1 -1; 1 1 1 -2 0; 1 1 -3 0 0; 1 -4 0 0 0];
end
